time,distance,hp,lane,bypass,cars
0.07403564,0.6239998,9999,0,False,0
0.6023254,4.679998,9999,-0.7087402,False,0
1.12561,8.892002,9999,-0.9159851,False,0
1.649628,12.94801,9999,-0.9627075,False,0
2.155975,16.84801,9999,-0.9627075,False,0
2.685455,21.06001,9999,-0.9627075,False,0
3.216156,25.11602,9999,-0.9627075,False,0
3.761139,29.32802,9999,-0.1924744,False,0
4.281403,33.38401,9999,-0.5584717,False,0
4.793701,37.43996,9999,0.7243347,False,0
5.360779,41.80791,9999,1.115234,False,0
5.863922,45.70787,9999,1.307068,False,0
6.371826,49.76382,9999,1.362305,False,0
6.901123,53.81977,9999,1.362305,False,0
7.401886,57.71973,9999,1.362305,False,0
7.930664,61.93168,9999,1.362305,False,0
8.468872,66.14364,9999,1.362305,False,0
8.992432,70.19959,9999,1.362305,False,0
9.500671,74.09955,9999,1.362305,False,0
10.00528,78.1555,9999,1.362305,False,0
10.51248,82.05546,9999,0.7363086,True,0
11.01468,85.95541,9999,0.2263896,True,0
11.54156,90.01137,9999,0.06859507,True,0
12.08408,94.37932,9999,0.0399077,True,0
12.58463,98.27927,9999,0.5024721,True,0
13.0903,102.1792,9999,0.1604401,True,0
13.60886,106.2352,9999,0.0495867,True,0
14.12027,110.1351,9999,0.03780561,True,0
14.62726,114.1911,9999,0.03790637,True,0
15.15909,118.247,9999,0.03800731,True,0
15.67264,122.303,9999,0.0379982,True,0
16.20535,126.515,9999,0.03797428,True,0
16.75159,130.727,9999,0.03797078,True,0
17.26181,134.6272,9999,0.03798916,True,0
17.76846,138.6833,9999,0.03797742,True,0
18.28375,142.5835,9999,0.03798142,True,0
18.78931,146.6396,9999,0.03792056,True,0
19.29428,150.5398,9999,0.03792612,True,0
19.8244,154.7519,9999,0.03798006,True,0
20.3284,158.6521,9999,0.03796838,True,0
20.83432,162.5522,9999,0.03798075,True,0
21.35541,166.6084,9999,0.03798388,True,0
21.87457,170.6645,9999,0.03801897,True,0
22.39172,174.7207,9999,0.03807152,True,0
22.90707,178.7768,9999,0.0381765,True,0
23.41324,182.677,9999,0.03834816,True,0
23.92249,186.5771,9999,0.03835149,True,0
24.46973,190.9453,9999,0.03812641,True,0
25.00549,195.1575,9999,0.03793251,True,0
25.53711,199.2136,9999,0.03787236,True,0
26.06125,203.2698,9999,0.03792913,True,0
26.5697,207.3259,9999,0.03809905,True,0
27.09421,211.3821,9999,0.03832037,True,0
27.62408,215.5942,9999,0.03840053,True,0
28.15796,219.6504,9999,0.03836326,True,0
28.69174,223.8625,9999,0.03825556,True,0
29.19302,227.7627,9999,0.03821858,True,0
29.71121,231.8188,9999,0.03815876,True,0
30.2218,235.719,9999,0.03816012,True,0
30.73035,239.7751,9999,0.0381194,True,0
31.25449,243.8313,9999,0.03804251,True,0
31.763,247.7314,9999,0.03804602,True,0
32.28345,251.7876,9999,0.03810399,True,0
32.8244,256.1557,9999,0.03804578,True,0
33.35522,260.2119,9999,0.03811393,True,0
33.85715,264.112,9999,0.03802409,True,0
34.37903,268.1682,9999,0.03793414,True,0
34.90552,272.3803,9999,0.03784792,True,0
35.42712,276.4365,9999,0.03795928,True,0
35.93417,280.3366,9999,0.03807862,True,0
36.47739,284.5488,9999,0.03820695,True,0
36.99152,288.6049,9999,0.03843088,True,0
37.52811,292.8171,9999,0.03867921,True,0
38.03595,296.7173,9999,0.03895028,True,0
38.55167,300.7734,9999,0.03908511,True,0
39.05695,304.6736,9999,0.03882182,True,0
39.58252,308.7297,9999,0.0386116,True,0
40.11365,312.9419,9999,0.5504276,False,0
40.61389,316.842,9999,0.863885,False,0
41.14139,320.8982,9999,0.6210645,False,0
41.67508,325.1103,9999,-0.4772949,False,0
42.20358,329.1665,9861.75,-0.8247375,False,0
42.70404,333.0666,9861.75,-0.9433594,False,0
43.23856,337.2788,9861.75,-0.9614258,False,0
43.76187,341.3349,9861.75,-0.9614258,False,0
44.26385,345.2351,9861.75,-0.9614258,False,0
44.80304,349.4472,9861.75,-0.9614258,False,0
45.31152,353.5034,9861.75,-0.9614261,False,0
45.83734,357.5595,9861.75,-0.9615744,False,0
46.34988,361.6157,9861.75,-1.216776,False,0
46.87149,365.6718,9861.75,-2.000323,False,0
47.38531,369.728,9861.75,-1.3629,False,1
47.91705,373.7841,9861.75,0.05388334,False,1
48.43335,377.8403,9861.75,0.7239057,False,1
48.95541,381.8965,9861.75,0.1516075,False,1
49.49402,386.1086,9861.75,-0.6312922,False,1
50.00363,390.0088,9861.75,-0.8772581,False,4
50.5181,394.0649,9861.75,-0.9614649,False,4
51.05399,398.2771,9861.75,-0.961384,False,3
51.55484,402.1772,9861.75,-0.9613193,False,3
52.07407,406.2334,9861.75,-0.9612728,False,3
52.59494,410.2895,9861.75,-1.804474,False,3
53.10074,414.1897,9861.75,-2.070587,False,3
53.62375,418.2458,9861.75,-2.163219,False,3
54.13943,422.302,9861.75,-2.163184,False,3
54.65216,426.3581,9861.75,-1.830425,False,3
55.16556,430.4143,9861.75,-0.5825976,False,2
55.67194,434.3144,9861.75,0.4956118,False,2
56.21146,438.5266,9861.75,0.8402418,False,2
56.74265,442.5827,9861.75,-0.3850238,False,2
57.29352,446.9509,9861.75,-0.7987531,False,3
57.81497,451.007,9193.75,-0.9381714,False,3
58.34665,455.2192,9193.75,-0.9616529,False,1
58.89304,459.4314,9193.75,-0.7409606,False,1
59.40604,463.4875,9193.75,0.4268859,False,3
59.9332,467.5437,9193.75,0.8192825,False,3
60.45551,471.5998,9193.75,0.9445285,False,4
60.96982,475.656,9193.75,-0.2068872,False,4
61.50742,479.8681,9193.75,-0.7665687,False,4
62.03381,483.9243,9193.75,-0.9237636,False,3
62.55112,487.9804,9193.75,-0.9632305,False,3
63.05777,491.8806,9193.75,0.2748413,False,3
63.58728,496.0927,9193.75,0.7619324,False,3
64.10742,500.1489,9193.75,0.9301147,False,3
64.64111,504.205,9193.75,0.2099915,False,3
65.16489,508.4172,9193.75,-0.6324768,False,2
65.68237,512.3173,9193.75,-0.8774414,False,2
66.19714,516.3735,9193.75,-0.9617139,False,2
66.70868,520.4296,9193.75,-0.9617751,False,2
67.23895,524.4858,9193.75,-0.8417513,False,3
67.76733,528.6979,9193.75,-0.7952524,False,2
68.28925,532.7541,9193.75,-0.9395783,False,1
68.80338,536.6542,9193.75,-0.9610714,False,1
69.31534,540.7104,9193.75,-0.9610704,False,1
69.81821,544.6105,9193.75,-0.9610959,False,3
70.3602,548.8227,9193.75,-0.9610581,False,4
70.87198,552.8788,9193.75,-0.7333108,False,4
71.39954,556.935,9193.75,0.4383319,False,4
71.90402,560.8351,9193.75,0.8271832,False,3
72.422,564.8913,9193.75,-0.3136471,False,3
72.93222,568.9474,9193.75,-0.7762749,False,4
73.46429,573.1596,9193.75,-0.9340848,False,4
73.98569,577.2158,9193.75,0.1259825,False,4
74.48911,581.1159,9193.75,0.7234932,False,4
75.04556,585.4841,9193.75,0.916687,False,3
75.57327,589.5402,9193.75,-0.2775269,False,3
76.10083,593.5964,9193.75,-0.7885437,False,4
76.62451,597.8085,9193.75,-0.9355469,False,4
77.14984,601.8647,9193.75,-0.960968,False,3
77.67026,605.9208,9193.75,-0.960968,False,2
78.20233,609.977,9193.75,-0.9609681,False,1
78.71091,614.0331,9193.75,-0.9609735,False,1
79.24136,618.0893,9193.75,-0.9610609,False,2
79.76065,622.1454,9193.75,-0.961094,False,2
80.27942,626.2016,9193.75,-0.9610319,False,1
80.81033,630.4138,9193.75,-1.373041,False,1
81.32632,634.4699,9193.75,-1.644176,False,1
81.82748,638.3701,9193.75,-1.362246,False,2
82.3334,642.2702,9193.75,-1.252112,False,2
82.83612,646.1703,9193.75,-1.236325,False,2
83.36414,650.3825,9193.75,-1.236369,False,4
83.8927,654.4387,9193.75,-1.670408,False,4
84.42517,658.6508,9193.75,-2.033055,False,4
84.93588,662.551,9193.75,-2.147532,False,4
85.44214,666.4511,9193.75,-1.883424,False,4
85.94431,670.5073,9193.75,-1.412711,False,3
86.4971,674.7194,9193.75,-0.2383159,False,3
87.01968,678.7756,9193.75,0.6219367,False,3
87.52719,682.8317,9193.75,0.891849,False,3
88.05673,686.8879,9193.75,0.1716895,False,4
88.58279,690.944,9193.75,-0.6332592,False,4
89.09375,695.0002,9193.75,-0.8833909,False,3
89.62286,699.0563,9193.75,-0.9601706,False,3
90.15018,703.2685,9193.75,-0.9601978,False,3
90.69046,707.4807,9193.75,-0.9602005,False,4
91.27713,712.0048,9193.75,-0.9601514,False,3
91.79932,716.061,9193.75,-0.9601471,False,2
92.34772,720.4291,9193.75,-0.960103,False,2
92.8519,724.3293,9193.75,-1.441861,False,1
93.37524,728.3854,9193.75,-1.937877,False,1
93.88263,732.2856,9193.75,-2.092496,False,1
94.38959,736.3417,9193.75,-1.979021,False,1
94.90363,740.2419,9193.75,-1.494232,False,0
95.42322,744.298,9193.75,-1.436571,False,0
95.94687,748.5102,9193.75,-1.436561,False,0
96.48361,752.5663,9193.75,-1.542984,False,0
97.0018,756.6225,9193.75,-1.56134,False,0
97.53217,760.8347,9193.75,-1.121979,False,0
98.08371,765.0468,9193.75,0.1087952,False,0
98.60855,769.259,9193.75,0.7294922,False,0
99.15353,773.4711,9193.75,0.9169617,False,0
99.66086,777.3713,9193.75,-0.2146759,False,0
100.1771,781.4274,9193.75,-0.7594327,False,0
100.71,785.6396,9193.75,-0.9255341,False,0
101.2139,789.5397,9193.75,-0.9617196,False,0
101.7144,793.4399,9193.75,-0.9618419,False,0
102.2149,797.34,9193.75,-0.9619864,False,0
102.7382,801.3962,9193.75,-0.9619885,False,1
103.2434,805.2963,9193.75,-0.9618608,False,1
103.7465,809.3525,9193.75,-0.9617231,False,1
104.2494,813.2526,9193.75,-0.9616153,False,1
104.7702,817.3088,9193.75,-0.9615139,False,3
105.271,821.2089,9193.75,-0.9614198,False,3
105.7737,825.1091,9193.75,-0.9613267,False,3
106.2968,829.1652,9193.75,-0.9612349,False,3
106.8145,833.2214,9193.75,-0.9611322,False,3
107.34,837.2775,9193.75,-0.9610064,False,2
107.8523,841.3337,9193.75,-0.9609154,False,2
108.4095,845.7018,9193.75,-0.7538909,False,2
108.9261,849.758,9193.75,0.4032633,False,2
109.4583,853.8141,9193.75,0.8186333,False,2
109.9759,857.8703,9193.75,0.04137076,False,2
110.4846,861.9265,9193.75,-0.6558059,False,2
111.0043,865.9826,9193.75,-0.89618,False,2
111.5061,869.8828,9193.75,-0.9603928,False,2
112.041,873.9389,9193.75,-0.9603226,False,2
112.5457,877.9951,9193.75,-0.9602098,False,2
113.0532,881.8952,9193.75,-0.9601172,False,2
113.5735,885.9514,9193.75,-0.9601124,False,1
114.1033,890.0075,9193.75,-0.001730324,False,1
114.6257,894.2197,9193.75,0.6725402,False,1
115.1272,898.1198,9193.75,0.7862386,False,1
115.6293,902.02,9193.75,-0.3778433,False,1
116.1479,906.0761,9193.75,-0.805391,False,4
116.6492,909.9763,9193.75,-0.9401227,False,4
117.1705,914.0324,9193.75,-0.9620219,False,4
117.702,918.0886,9193.75,-0.9621299,False,4
118.2193,922.1447,9193.75,-0.9622532,False,4
118.7217,926.0449,9193.75,-0.9623912,False,3
119.2416,930.101,9193.75,-0.3392678,False,3
119.7865,934.4692,9193.75,0.6133994,False,3
120.3098,938.5253,9193.75,0.8873136,False,3
120.8219,942.4255,9193.75,0.9628335,False,2
121.3507,946.6376,9193.75,-0.01057452,False,2
121.8624,950.5378,9193.75,-0.6883243,False,2
122.4031,954.7499,9193.75,-0.9063712,False,2
122.9067,958.8061,9193.75,-0.9623576,False,3
123.4414,962.8622,9193.75,-0.9624778,False,3
123.9469,966.9184,9193.75,-0.9626384,False,3
124.4728,970.9745,9193.75,-0.9626076,False,2
124.9891,975.0307,9193.75,-0.9624392,False,1
125.5083,979.0869,9193.75,-0.9623013,False,2
126.0234,982.987,9193.75,-0.9621918,False,2
126.5578,987.1992,9193.75,-0.9620858,False,2
127.0626,991.0993,9193.75,-0.9619941,False,1
127.5803,995.1555,9193.75,-0.9618965,False,3
128.0951,999.2116,9193.75,-0.9618051,False,1
128.5972,1003.112,9193.75,-0.9617052,False,2
129.1296,1007.324,9193.75,-0.9615754,False,2
129.6568,1011.38,9193.75,-0.9614548,False,2
130.1725,1015.436,9193.75,-0.9613911,False,2
130.6884,1019.492,9193.75,-0.961437,False,1
131.1905,1023.393,9193.75,-0.9615695,False,1
131.7258,1027.605,9193.75,-0.2995737,False,1
132.2526,1031.661,9193.75,0.6098337,False,0
132.7795,1035.717,9193.75,0.8825852,False,0
133.2983,1039.773,9193.75,-0.2739168,False,0
133.8293,1043.985,9193.75,-0.7932349,False,0
134.3382,1047.885,9193.75,-0.9351786,False,0
134.8456,1051.942,9193.75,-0.9607884,False,0
135.3585,1055.842,9193.75,-0.9607924,False,0
135.8814,1059.898,9193.75,-0.9608652,False,0
136.3851,1063.954,9193.75,-0.2369812,False,0
136.901,1067.854,9193.75,0.6428361,False,0
137.4142,1071.91,9193.75,0.8919058,False,0
137.9192,1075.81,9193.75,0.7582576,False,0
138.4634,1080.023,9193.75,-0.4722693,False,0
138.9854,1084.235,9193.75,-0.8382584,False,0
139.5286,1088.447,9193.75,-0.9517304,False,0
140.0417,1092.347,9193.75,-0.9603915,False,0
140.5485,1096.403,9193.75,-0.960539,False,0
141.076,1100.459,9193.75,-0.9606712,False,0
141.6068,1104.672,9193.75,-0.9606011,False,0
142.1201,1108.572,9193.75,-0.3498733,False,0
142.6302,1112.628,9193.75,0.5667714,False,0
143.1359,1116.528,9193.75,0.8687558,False,0
143.6561,1120.584,9193.75,0.9587562,False,0
144.1656,1124.64,9193.75,-0.06422424,False,0
144.6885,1128.696,9193.75,-0.730957,False,0
145.207,1132.753,9193.75,-0.91716,False,0
145.7134,1136.653,9193.75,-0.9607086,False,0
146.2398,1140.709,9193.75,-0.9607086,False,0
146.782,1144.921,9193.75,-0.9607086,False,0
147.2921,1148.977,9193.75,-0.9607086,False,0
147.8212,1153.033,9193.75,-0.960709,False,0
148.3338,1157.089,9193.75,-0.9607706,False,0
148.8701,1161.302,9193.75,-0.9607471,False,0
149.3798,1165.202,9193.75,-0.9607573,False,0
149.91,1169.414,9193.75,-0.9607677,False,0
150.4158,1173.314,9193.75,0.150141,False,0
150.939,1177.37,9193.75,0.7534028,False,0
151.4407,1181.27,9193.75,0.9237128,False,1
151.9655,1185.483,9193.75,0.0960034,False,1
152.4756,1189.383,9193.75,-0.6273877,False,3
152.9976,1193.439,9193.75,-0.8905765,False,3
153.5195,1197.495,9193.75,-0.9611203,False,3
154.0487,1201.707,9193.75,-0.9611339,False,3
154.5784,1205.763,9193.75,-0.9611472,False,3
155.0809,1209.663,9193.75,-0.9611342,False,3
155.595,1213.72,9193.75,-0.9611284,False,3
156.0995,1217.62,9193.75,-0.9611334,False,2
156.6481,1221.988,9193.75,-0.9611222,False,2
157.1656,1226.044,9193.75,-0.4383108,False,2
157.6856,1230.1,9193.75,0.5558585,False,2
158.2025,1234,9193.75,0.8708509,False,2
158.7324,1238.213,9193.75,-0.3013862,False,2
159.2356,1242.113,9193.75,-0.7618457,False,2
159.749,1246.169,9193.75,-0.9259014,False,3
160.2546,1250.069,9193.75,-0.9615646,False,3
160.804,1254.281,9193.75,-0.9615566,False,2
161.3272,1258.493,9193.75,-0.9615726,False,1
161.8384,1262.393,9193.75,-0.9615806,False,1
162.3452,1266.45,9193.75,-0.9615809,False,1
162.8677,1270.506,9193.75,-0.9615996,False,1
163.3987,1274.562,9193.75,-0.2694393,False,1
163.9257,1278.774,9193.75,-0.5614077,False,0
164.4549,1282.83,9193.75,-0.8650469,False,0
164.9726,1286.886,9193.75,-0.9604799,False,0
165.4855,1290.943,9193.75,-0.9604797,False,0
165.9974,1294.843,9193.75,-0.9604797,False,0
166.5051,1298.899,9193.75,0.2423553,False,0
167.0226,1302.799,9193.75,0.7627563,False,1
167.5472,1307.011,9193.75,0.9259644,False,1
168.059,1310.911,9193.75,0.3739777,False,1
168.579,1314.967,9193.75,-0.5829468,False,1
169.1249,1319.336,9193.75,-0.8760144,False,1
169.6625,1323.392,9193.75,-0.9618777,False,1
170.1683,1327.448,9193.75,-0.9618974,False,1
170.6683,1331.348,9193.75,-0.9618599,False,1
171.1947,1335.404,9193.75,-0.9618276,False,0
171.6978,1339.304,9193.75,-0.9618159,False,0
172.2302,1343.516,9193.75,-0.9618394,False,0
172.7855,1347.885,9193.75,-0.9618038,False,0
173.3019,1351.785,9193.75,-0.9617936,False,0
173.8472,1356.153,9193.75,-1.257499,False,0
174.3643,1360.209,9193.75,-1.382779,False,0
174.8679,1364.109,9193.75,-1.52502,False,0
175.4147,1368.321,9193.75,-1.561842,False,0
175.9253,1372.378,9193.75,-1.393745,False,0
176.4485,1376.434,9193.75,-1.263438,False,0
176.979,1380.49,9193.75,-1.238306,False,0
177.503,1384.546,9193.75,-1.238276,False,0
178.0125,1388.602,9193.75,0.1392838,False,0
178.5141,1392.502,9193.75,0.7300249,False,0
179.0294,1396.558,9193.75,0.9169375,False,0
179.5499,1400.615,9193.75,-0.01232919,False,0
180.069,1404.671,9193.75,-0.6859478,False,0
180.6035,1408.727,9193.75,-0.9040737,False,0
181.1442,1413.095,9193.75,-0.9620224,False,0
181.668,1417.151,9193.75,-0.961979,False,0
182.1722,1421.051,9193.75,-0.9620333,False,0
182.6857,1425.108,9193.75,-0.9620227,False,0
183.2101,1429.164,9193.75,-0.9620141,False,0
183.7438,1433.22,9193.75,-0.9620321,False,0
184.2565,1437.276,9193.75,-0.9620155,False,0
184.7835,1441.332,9193.75,-0.9619626,False,0
185.3139,1445.544,9193.75,-0.9619786,False,0
185.8182,1449.444,9193.75,-0.961967,False,0
186.3362,1453.501,9193.75,-0.9619719,False,0
186.866,1457.713,9193.75,-0.3514964,False,0
187.4011,1461.769,9193.75,-0.1068119,False,0
187.9246,1465.981,9193.75,-0.0394237,False,0
188.4379,1469.881,9193.75,-0.03936342,False,0
188.9582,1473.937,9193.75,-0.03931839,False,0
189.4855,1478.15,9193.75,-0.03929379,False,0
190.001,1482.05,9193.75,-0.0392914,False,0
190.5305,1486.262,9193.75,-0.03929138,False,0
191.0603,1490.318,9193.75,-0.1315155,False,0
191.577,1494.374,9193.75,-0.7280426,False,0
192.0807,1498.274,9193.75,-0.9175568,False,0
192.5917,1502.33,9193.75,0.09820557,False,0
193.1338,1506.543,9193.75,0.725296,False,0
193.6431,1510.443,9193.75,0.6545569,False,0
194.1807,1514.655,9193.75,-0.4525415,False,0
194.6963,1518.711,9193.75,-0.8069343,False,0
195.2006,1522.611,9193.75,-0.9398472,False,0
195.7108,1526.667,9193.75,-0.9622549,False,0
196.2145,1530.568,9193.75,-0.962259,False,0
196.7156,1534.468,9193.75,-0.9622773,False,0
197.2388,1538.524,9193.75,-0.9622622,False,0
197.7409,1542.424,9193.75,-0.9622505,False,0
198.2913,1546.792,9193.75,-0.9622689,False,1
198.8099,1550.848,9193.75,-0.9622959,False,1
199.3281,1554.904,9193.75,-0.9622959,False,1
199.8444,1558.961,9193.75,-0.962287,False,1
200.3473,1562.861,9193.75,-1.627641,False,1
200.9014,1567.073,9193.75,-2.025318,False,1
201.4111,1571.129,6993.97,-1.576096,False,1
201.9588,1575.341,6993.97,-0.1328145,False,1
202.4841,1579.553,6993.97,0.6862774,False,0
203.0118,1583.609,6993.97,0.9018978,False,0
203.5361,1587.666,6993.97,0.01504672,False,0
204.0865,1592.034,6993.97,-0.6860396,False,0
204.6042,1596.09,6993.97,-0.9082678,False,0
205.1173,1599.99,6993.97,-0.9615035,False,0
205.647,1604.202,6993.97,-0.9615325,False,0
206.1596,1608.102,6993.97,-0.9615059,False,0
206.7095,1612.471,6993.97,-0.9615138,False,0
207.2353,1616.527,6993.97,-0.9615165,False,0
207.7376,1620.427,6993.97,-0.9615166,False,0
208.2809,1624.639,6993.97,-0.9614779,False,0
208.7985,1628.695,6993.97,-0.9615018,False,0
209.3436,1632.907,6993.97,-0.961513,False,0
209.8574,1636.964,6993.97,-0.4815098,False,0
210.3776,1641.02,6993.97,0.7046981,False,0
210.8785,1644.92,6993.97,-0.4767043,False,0
211.4255,1649.288,6993.97,-1.152758,False,0
211.9566,1653.344,6993.97,-1.453079,False,0
212.496,1657.556,6993.97,-1.551971,False,0
213.0276,1661.768,6993.97,-0.8374176,False,0
213.5554,1665.825,6993.97,0.4588165,False,0
214.0811,1669.881,6993.97,1.114059,False,0
214.6102,1674.093,6993.97,1.309799,False,0
215.1529,1678.305,6993.97,1.361603,False,0
215.6824,1682.361,6993.97,0.7350379,True,0
216.1953,1686.417,6993.97,0.2415,True,0
216.7061,1690.474,6993.97,0.07445636,True,0
217.2158,1694.374,6993.97,0.03912107,True,0
217.7296,1698.43,6993.97,0.03902905,True,0
218.2344,1702.33,6993.97,0.0389168,True,0
218.7375,1706.23,6993.97,0.03884469,True,0
219.2546,1710.286,6993.97,0.0387781,True,0
219.7656,1714.342,6993.97,0.03872356,True,0
220.278,1718.243,6993.97,0.03867748,True,0
220.783,1722.143,6993.97,0.03863015,True,0
221.2937,1726.199,6993.97,0.03862696,True,0
221.8163,1730.255,6993.97,0.03861898,True,0
222.3286,1734.311,6993.97,0.03861787,True,0
222.8398,1738.211,6993.97,0.03861424,True,0
223.3406,1742.111,6993.97,0.03860607,True,0
223.8451,1746.168,6993.97,0.03860198,True,0
224.3649,1750.224,6993.97,0.03860087,True,0
224.8701,1754.124,6993.97,0.03860259,True,0
225.3844,1758.18,6993.97,0.03860686,True,0
225.8907,1762.08,6993.97,0.03858654,True,0
226.404,1766.136,6993.97,0.03859002,True,0
226.9499,1770.349,6993.97,0.03856685,True,0
227.4745,1774.405,6993.97,0.03855006,True,0
227.9925,1778.461,6993.97,0.03854045,True,0
228.5065,1782.517,6993.97,0.03856056,True,0
229.0214,1786.417,6993.97,0.03862706,True,0
229.5318,1790.473,6993.97,0.0386756,True,0
230.0355,1794.373,6993.97,0.0387194,True,0
230.5671,1798.586,6993.97,0.03878938,True,0
231.0822,1802.486,6993.97,0.03885089,True,0
231.6218,1806.698,6993.97,0.03889291,True,0
232.1245,1810.754,6993.97,0.03884044,True,0
232.6324,1814.654,6993.97,0.03870892,True,0
233.1621,1818.71,6993.97,0.03862703,True,0
233.6786,1822.766,7993.87,0.03860517,True,0
234.1895,1826.823,7993.87,0.03864255,True,0
234.8597,1831.971,7993.87,0.03877233,True,0
235.3906,1836.183,7993.87,0.03889832,True,0
235.8911,1840.083,7993.87,0.03887225,True,0
236.3931,1843.983,7993.87,0.0387981,True,0
236.9244,1848.195,7993.87,0.03871156,True,0
237.4244,1852.096,7993.87,0.03866842,True,0
237.9492,1856.152,7993.87,0.03859949,True,0
238.4534,1860.052,7993.87,0.03857796,True,0
238.9912,1864.264,7993.87,0.03851627,True,0
239.4973,1868.164,7993.87,0.03846061,True,0
240.0472,1872.532,7993.87,0.03839602,True,0
240.5688,1876.589,7993.87,0.03843683,True,0
241.0805,1880.489,7993.87,0.03842726,True,0
241.5915,1884.545,7993.87,0.03838405,True,0
242.0994,1888.445,7993.87,0.03832272,True,0
242.6049,1892.501,7993.87,0.03823815,True,0
243.1137,1896.401,7993.87,0.03810171,True,0
243.6364,1900.457,7993.87,0.03820011,True,0
244.1522,1904.514,7993.87,0.03839792,True,0
244.6644,1908.57,7993.87,0.03838548,True,0
245.1667,1912.47,7993.87,0.03838462,True,0
245.6748,1916.37,7993.87,0.03838689,True,0
246.2169,1920.582,7993.87,0.0383279,True,0
246.736,1924.638,7993.87,0.03828559,True,0
247.2545,1928.694,7993.87,0.03826917,True,0
247.7945,1932.907,7993.87,0.03824529,True,0
248.3022,1936.807,7739.169,0.03824002,True,0
248.8347,1941.019,7739.169,0.03823045,True,0
249.3714,1945.231,7739.169,0.03824348,True,0
249.8871,1949.287,7739.169,0.03824104,True,0
250.3929,1953.187,7739.169,0.03822708,True,0
250.9056,1957.244,7739.169,0.03808917,True,0
251.4236,1961.144,7739.169,-0.3709985,False,0
251.9478,1965.356,7739.169,-1.790475,False,0
252.4509,1969.256,7739.169,-3.163385,False,0
252.9878,1973.468,7739.169,-4.058168,False,0
253.491,1977.368,7739.169,-4.29719,False,0
253.9984,1981.268,7739.169,-4.360886,False,0
254.5181,1985.325,7739.169,-4.360886,False,2
255.0468,1989.537,7739.169,-4.360886,False,2
255.5731,1993.593,7739.169,-3.058273,False,2
256.0851,1997.649,7739.169,-1.837051,False,2
256.6359,2001.861,7739.169,-1.386124,False,2
257.1528,2005.917,7739.169,-1.254684,False,2
257.6792,2009.974,7739.169,-1.238312,False,2
258.1827,2013.874,7739.169,-1.238316,False,2
258.7028,2017.93,7739.169,-1.238361,False,2
259.2308,2022.142,7739.169,-0.9185846,False,2
259.7595,2026.198,7739.169,0.302913,False,2
260.2815,2030.254,7739.169,0.7884217,False,2
260.8204,2034.466,7739.169,0.2650172,False,2
261.3577,2038.679,7739.169,-0.6042912,False,2
261.8946,2042.891,7739.169,-0.8885486,False,2
262.3972,2046.791,7739.169,-0.9603338,False,2
262.9057,2050.847,7739.169,-0.9602866,False,1
263.4108,2054.747,7739.169,-0.9602652,False,1
263.9246,2058.803,7739.169,-0.9602715,False,1
264.4673,2063.015,7739.169,-0.9602817,False,1
264.9681,2066.916,7739.169,-1.135471,False,1
265.4771,2070.816,7739.169,-1.880874,False,1
266.0063,2075.028,7739.169,-2.105243,False,1
266.5197,2078.928,7739.169,-2.16119,False,4
267.0502,2083.14,7739.169,-1.563782,False,2
267.5677,2087.196,7739.169,-1.316124,False,1
268.0817,2091.096,7739.169,-1.237814,False,1
268.6254,2095.465,7739.169,-1.237742,False,1
269.1384,2099.365,7739.169,-1.237735,False,1
269.6445,2103.421,7739.169,-1.237707,False,1
270.1584,2107.321,7739.169,-1.23773,False,1
270.6821,2111.377,7739.169,-1.23784,False,1
271.1901,2115.433,7739.169,-0.8376968,False,0
271.7206,2119.49,7739.169,0.3618919,False,0
272.2527,2123.702,7739.169,0.8082429,False,0
272.7896,2127.914,7739.169,0.1010523,False,0
273.3364,2132.126,7739.169,-0.687771,False,0
273.8383,2136.026,7739.169,-0.9111817,False,0
274.3632,2140.082,7739.169,-0.9628138,False,0
274.8737,2144.138,7739.169,-0.9627014,False,0
275.3817,2148.039,7739.169,-0.9626507,False,0
275.9188,2152.251,7739.169,-0.09448242,False,0
276.4489,2156.463,7739.169,0.6623535,False,0
276.986,2160.675,7739.169,0.9016113,False,0
277.5262,2164.887,7739.169,0.7495728,False,0
278.0458,2168.943,7739.169,-0.418457,False,0
278.5622,2172.844,7739.169,-0.8366699,False,0
279.0865,2177.056,7739.169,-0.9473925,False,0
279.6367,2181.268,7739.169,-0.962169,False,1
280.1521,2185.324,7739.169,-0.9620485,False,0
280.6808,2189.38,7739.169,-0.9621667,False,0
281.1849,2193.436,7739.169,-0.9620738,False,0
281.6996,2197.336,7739.169,-0.9620425,False,0
282.2034,2201.237,7739.169,-0.9621372,False,0
282.7258,2205.449,7739.169,-0.9622357,False,0
283.2491,2209.505,7739.169,-0.9621785,False,0
283.7614,2213.405,7739.169,-0.3855436,False,0
284.2813,2217.461,7739.169,0.5519547,False,0
284.8047,2221.673,7332.37,0.4551712,False,0
285.3063,2225.573,7332.37,-0.4465388,False,0
285.8166,2229.474,7332.37,-0.8128055,False,0
286.3431,2233.53,7332.37,-1.136883,False,0
286.8453,2237.586,7332.37,-1.311524,False,0
287.4445,2242.266,7332.37,-1.459851,False,0
287.9527,2246.166,7332.37,-1.554565,False,0
288.4826,2250.222,7332.37,-1.503784,False,0
288.9872,2254.279,7332.37,-1.3078,False,0
289.5246,2258.491,7332.37,-1.23877,False,0
290.0602,2262.547,7332.37,-1.23877,False,0
290.577,2266.603,7332.37,-1.23877,False,0
291.0989,2270.659,7332.37,-1.23877,False,0
291.6337,2274.871,7332.37,-1.23877,False,0
292.1632,2278.927,7332.37,-1.23877,False,0
292.6728,2282.984,7332.37,-1.23877,False,0
293.1859,2287.04,7332.37,-1.23877,False,0
293.7104,2291.096,7332.37,-1.23877,False,1
294.2151,2294.996,7332.37,-1.23877,False,1
294.761,2299.208,7332.37,-1.23877,False,1
295.284,2303.42,7332.37,-1.23877,False,1
295.8187,2307.477,7332.37,-1.23877,False,1
296.3411,2311.533,7332.37,-1.23877,False,2
296.848,2315.589,7332.37,-1.23877,False,2
297.368,2319.645,7332.37,-1.23877,False,2
297.9382,2324.013,7332.37,-1.23877,False,1
298.4634,2328.069,7332.37,-1.23877,False,1
298.9874,2332.281,7332.37,-1.23877,False,2
299.5087,2336.338,7332.37,-1.23877,False,2
300.0124,2340.238,7332.37,-1.23877,False,2
300.5137,2344.138,7332.37,-1.309021,False,1
301.0387,2348.194,7332.37,-1.926331,False,1
301.5585,2352.25,7332.37,-2.115173,False,2
302.0634,2356.15,7332.37,-1.916992,False,2
302.5667,2360.207,7332.37,-1.427307,False,1
303.0739,2364.107,7332.37,-1.268433,False,1
303.5914,2368.163,7332.37,-1.237915,False,1
304.0945,2372.063,7332.37,-1.237915,False,1
304.623,2376.119,7332.37,-1.237915,False,1
305.1265,2380.175,7332.37,-1.237915,False,1
305.6489,2384.231,7332.37,-1.237915,False,1
306.1516,2388.132,7332.37,-1.237915,False,0
306.6746,2392.188,7332.37,-1.237915,False,0
307.1896,2396.244,7332.37,-0.3330078,False,0
307.69,2400.144,7332.37,0.5429688,False,0
308.2079,2404.2,7332.37,0.8601685,False,0
308.7368,2408.256,7332.37,0.5258179,False,0
309.2524,2412.313,7332.37,-0.5025635,False,0
309.7632,2416.213,7332.37,-0.8464355,False,0
310.3116,2420.581,7332.37,-0.9545288,False,0
310.8123,2424.481,7332.37,-0.9625244,False,0
311.3336,2428.537,7332.37,-0.9625244,False,0
311.8401,2432.437,7332.37,-0.9625244,False,0
312.3513,2436.493,7332.37,-0.9625244,False,0
312.8679,2440.55,7332.37,-0.9625244,False,0
313.4083,2444.762,7332.37,-0.9625244,False,0
313.9191,2448.662,7332.37,-0.9625244,False,0
314.4503,2452.874,7332.37,-0.9625244,False,0
314.9941,2457.086,7332.37,-0.9625244,False,0
315.4956,2460.986,7332.37,-0.9625244,False,0
316.03,2465.198,7332.37,-0.9625244,False,0
316.5747,2469.411,7332.37,-0.9625244,False,0
317.093,2473.467,7332.37,-0.9625244,False,0
317.5934,2477.367,7332.37,0.1784668,False,0
318.1086,2481.423,7332.37,1.612732,False,0
318.6343,2485.479,7332.37,3.039001,False,0
319.158,2489.535,7332.37,3.989441,False,0
319.6618,2493.436,7332.37,4.270996,False,0
320.1705,2497.492,7332.37,4.359314,False,0
320.6779,2501.392,7332.37,4.36322,False,0
321.1885,2505.448,7332.37,4.36322,False,0
321.7112,2509.504,7332.37,4.36322,False,0
322.2301,2513.56,7332.37,3.178589,False,0
322.7408,2517.46,7332.37,1.905151,False,0
323.2443,2521.517,7332.37,1.414978,False,0
323.7685,2525.573,7332.37,0.4641724,False,0
324.2879,2529.629,7332.37,-0.5282593,False,0
324.8196,2533.685,7332.37,-0.8395996,False,0
325.3517,2537.897,7332.37,-0.9506226,False,0
325.8676,2541.953,7332.37,-0.9620972,False,0
326.3802,2545.854,7332.37,-0.9620972,False,0
326.8967,2549.91,7332.37,-0.9620972,False,0
327.428,2554.122,7332.37,-0.9620972,False,0
327.936,2558.022,7332.37,-0.9620972,False,0
328.4609,2562.078,7332.37,-0.9620972,False,0
328.9842,2566.29,7332.37,-0.9620972,False,0
329.504,2570.19,7332.37,-0.9620972,False,0
330.0212,2574.247,7332.37,-0.9620972,False,0
330.5429,2578.303,7332.37,-0.2664185,False,0
331.0887,2582.671,7332.37,0.6306152,False,0
331.5986,2586.571,7332.37,0.8831787,False,0
332.1328,2590.783,7332.37,0.8414307,False,0
332.6366,2594.683,7332.37,-0.3554077,False,0
333.155,2598.74,7332.37,-0.7998047,False,0
333.6802,2602.796,7332.37,-0.937439,False,0
334.1899,2606.852,7332.37,-0.9616089,False,0
334.7095,2610.908,7332.37,-0.9616089,False,0
335.2551,2615.12,7332.37,-0.9616089,False,0
335.7816,2619.176,7332.37,-0.9616089,False,0
336.3208,2623.388,7332.37,-1.147827,False,0
336.8475,2627.601,7332.37,-1.316711,False,0
337.356,2631.501,7332.37,-1.485779,False,0
337.881,2635.557,7332.37,-1.561951,False,0
338.4222,2639.769,7332.37,-1.527222,False,0
338.9805,2644.137,7332.37,-1.341797,False,0
339.4813,2648.037,7332.37,-1.245911,False,0
339.9875,2652.094,7332.37,-1.239319,False,0
340.5283,2656.306,7332.37,-1.056091,False,0
341.0438,2660.206,7332.37,0.2697754,False,0
341.5649,2664.418,7332.37,0.7714844,False,0
342.0695,2668.318,7332.37,0.5472412,False,0
342.5753,2672.218,7332.37,-0.5012207,False,0
343.1056,2676.43,7332.37,-0.8491211,False,0
343.6389,2680.487,7332.37,-0.9534302,False,0
344.1644,2684.699,7332.37,-0.9619141,False,0
344.6655,2688.599,7332.37,-0.9619141,False,0
345.1705,2692.499,7332.37,-0.9619141,False,0
345.7091,2696.711,7332.37,-0.4456787,False,0
346.2411,2700.767,7332.37,-0.1359863,False,0
346.7537,2704.823,7332.37,-0.0413208,False,0
347.2545,2708.724,7332.37,-1.275208,False,0
347.7569,2712.624,7332.37,-1.226196,False,0
348.2578,2716.524,7332.37,-0.3770142,False,0
348.7731,2720.58,7332.37,-0.1157837,False,0
349.3094,2724.792,7332.37,-0.03723145,False,0
349.8386,2728.848,7332.37,-0.03723145,False,0
350.347,2732.905,7332.37,-0.5539551,False,0
350.8774,2736.961,7332.37,-0.8684692,False,0
351.4009,2741.017,7332.37,-0.9622803,False,0
351.9202,2745.073,7332.37,-0.9622803,False,0
352.4324,2749.129,7332.37,-0.9622803,False,0
352.9362,2753.029,7332.37,-0.9622803,False,0
353.4773,2757.241,7332.37,-0.9622803,False,0
353.9871,2761.298,7332.37,-0.9622803,False,0
354.4898,2765.198,7332.37,-0.9622803,False,0
355.0013,2769.098,7332.37,-0.9622803,False,0
355.5175,2773.154,7332.37,-0.9622803,False,0
356.0303,2777.21,7332.37,-0.9622803,False,0
356.5368,2781.11,7332.37,-0.9622803,False,0
357.0457,2785.167,7332.37,-0.9622803,False,0
357.5754,2789.223,7332.37,-0.9622803,False,0
358.0878,2793.279,7332.37,-0.9622803,False,0
358.6229,2797.335,7332.37,-0.9622803,False,0
359.1489,2801.547,7332.37,-0.9622803,False,0
359.6648,2805.603,7332.37,-0.9622803,False,0
